44444444
555555
44444444
555555
44444444
555555
44444444
555555
44444444
555555
44444444
555555
44444444
555555
44444444
555555
44444444
555555
44444444
555555
44444444
555555
44444444
555555
44444444
555555
44444444
555555
44444444
555555
44444444
555555
44444444
555555
44444444
555555
44444444
555555
44444444
555555
44444444
555555
44444444
555555
44444444
555555
44444444
555555
44444444
555555
44444444
555555
44444444
555555
44444444
555555
44444444
555555
44444444
555555
44444444
555555
44444444
555555
44444444
555555
44444444
555555
44444444
555555
44444444
555555
44444444
555555
44444444
555555
44444444
555555
44444444
555555
44444444
555555
44444444
555555
44444444
555555
44444444
555555
换届大会创建道理c
